0.372293560738314 -0.0981013923967665 0.195992684958421 0.253539721294145 -0.111430261659819 -0.0259343668895251 0.226277899272825 0.245638326643456 0.0499028593326921 -0.25462186279194 0.138348796123539 0.18645886834429 -0.130534733010411 0.201394621166052 0.247911877003038 0.101297979163125 -0.274393398443854 -1.06782306660309
-0.052861776900276 -0.292165014465936 0.117447713183867 0.0960691858818984 -0.0389754898328207 0.0845754158314249 -0.311197051549007 -0.861780875728696 -0.0868816269363991 0.0805207244669455 -0.020487383813785 0.229619853823174 -0.0854222768251662 -0.283818841305957 0.216990751739871 0.149851208957071 0.0930942985479478 -0.438512117803958
0.495554948790224 0.0368652466790001 0.351259548777699 0.141400670374669 0.187101513304726 0.150830242353721 0.0453462637429441 -0.0957207420084814 -0.384540556160542 -0.176226435430711 -0.128804653440848 -0.107952664945386 -0.125666758931536 0.118894609221257 0.274574213862695 0.00346276722231063 -1.85964233536095 -0.2271759855229
0.492735644393309 -0.037654994370753 0.162081550262123 -0.0403832240457563 0.134710791062176 0.142749046575414 0.0242409756855245 -0.311317643931447 0.342684695399616 0.126769260537184 -0.024672412625229 0.327523499401194 0.30617943185211 -0.237585927439412 0.371504591048028 0.469187610211233 0.240920892252106 -1.88773201024096
-2.88774911845762 -2.53096293316327 -3.85760293851224 -3.44901302800729 -2.50688504654128 -2.68068467166547 -0.850353145990467 -1.5196815439962 0.304564473221318 -0.507459143616432 0.365187342358156 0.320718625937279 0.233105520005885 0.326136151719949 0.512399208249847 0.506622516157057 -0.0743875380734049 -2.79940854207437
-0.184733961078096 0.0593293150650853 -0.159652356664602 0.200668943900015 0.187315662310046 -0.0537367701730561 0.0776520100902476 -0.0909257209495343 0.462422618132338 0.0628493465566058 0.443958037643563 0.0500597027575133 0.00462861442831172 0.0727284487431203 -0.107183977332712 -0.0992899639603268 0.235578520344422 -4.11209988150995
-0.224860183532063 -0.656495861706772 0.191508061801966 0.220598539990723 0.0411206689231748 0.0882815186234886 0.268827885725358 0.161754836350513 0.269400490224722 0.101802898390656 0.190304870728409 0.142548593825416 0.0887617295870381 0.0572124798495231 -0.689693939124818 -0.658359248014496 -3.4147311777366 -1.36909558362418
0.273051716024972 0.15862686415803 0.185411308231764 0.295323348553415 0.159195964375581 0.101915308084778 0.189670140081052 0.0967381943018817 0.132215864361432 -0.0881290527384657 -1.18160784420805 -0.0839334183303086 -0.162375008983602 0.139665491202865 -0.403142412464081 0.275246052011091 0.0624150603534461 -0.203700731298742
0.555552557147099 0.4890509780692 0.237298251922124 0.000404943423566896 0.227365957348928 0.193469699239829 0.0269472337825594 -0.144501449409483 0.253896965560738 0.183940971567505 0.394653976775137 0.318485363175756 0.443666389604476 0.112439059069015 0.342147847356373 0.459505450237366 -0.0786444660440677 -2.30043862813024
-0.328908009560859 -0.318652038734129 0.0176147126245105 -0.212900852177537 0.208237403106842 0.0685792356813162 0.12824308300837 0.0974944779232278 -0.132222290468951 -1.22488104017855 0.0349248888528653 -0.0582442086300653 -0.13627965350008 0.0499394062136995 0.125874533569834 0.223196835322353 -0.479051927315428 -2.10890020071108
-0.0144606874229326 -0.0870574584437439 0.359347270869998 0.355098641257763 0.203132377719298 0.402795000831987 0.134358471130448 0.105351143322108 -0.289918666093166 -0.029039692982479 -0.282126566922477 -0.10641349882494 0.0809770560378875 -0.150625595539397 0.356147627810199 0.378589567931188 0.0505295289527634 -0.465329637106167
-0.120930910214788 -0.11748144151955 0.014695467354442 0.0341080963214344 0.117358038495366 0.0313492488301474 0.0775442251333865 -0.0949676634792823 0.187978909862122 -0.0630757036561578 -0.19694970193987 0.255528101730404 -0.0047611543669097 -0.36940713500523 -0.528317470981504 -0.12607440318932 -1.30183158878412 -3.67086661241726
0.00331123963572895 -0.0039920808750153 -0.186219310222659 0.0713870094166656 -0.0648355999082215 0.0841268276402088 -0.0389720589685811 0.115203280090211 0.0750709014077601 -0.0765094939728544 0.144645975086367 0.079352659769885 0.190224836594785 0.330223499257099 0.0316770112896262 0.193708984091979 -4.47072436668916 0.337897043923168
-1.02594713426292 -1.18366847767642 -0.410257549678819 -0.450458833145368 -0.20886228828046 -0.310738185201737 -0.0776808635447057 -0.198548109104035 0.372737627333438 0.0677558868112009 -0.614983133199496 0.229855282416897 -0.420436560225906 -0.113812144725832 -0.0664749000558784 0.136972075162395 -1.19771777024037 -3.94698185919383
0.166401009409543 -0.317809635754579 -0.426519293110923 -1.23440997473808 -0.487219086992041 -0.586211675397874 -2.17248909388762 -3.53365863870274 0.0150984328783195 -0.263076200289062 -0.290653551310452 -0.477234811355351 0.0366091692458001 -0.349248691877927 0.22137098875349 0.437472264855575 0.143797163429756 -1.39269915013695
0.136791232030245 0.00113377526842475 0.21261757802982 0.34037100265878 0.243377427884269 0.14554838898991 0.0601377648214286 -0.0373175572434152 0.413509930849137 -0.309237946753312 0.306187335151591 0.334138107483011 0.274233422806316 -0.161914184774549 -0.415771721491248 0.153708274431018 -5.30024646951954 -3.52522598385184
-0.168600733214229 -0.199671036732435 -0.100765609063894 -0.0506898145083612 0.0382466681054018 -0.179671336693901 0.0265736837406574 -0.205959269281723 0.174162318338144 0.0744902972227289 0.11857411603694 0.194349971735852 0.202846386326212 0.0698865439867937 0.396408513305248 0.524222717844384 -0.0752245107048051 -6.80918686047171
-0.0483514963976219 0.284600360483727 0.179253193705778 0.164607203448495 0.116057652645419 0.188320662122022 -0.0622924424683228 0.191596797297715 -0.151174656476117 -0.00580136357635374 -0.0661743638192079 -0.0344553487400293 -0.451617964814067 -0.900597501752446 -0.736457621887125 -0.391099345105655 -3.51528494423491 -2.68851575348551
0.261875442150122 0.229866011766056 0.0799503080070604 0.0853239168040021 0.0965440957061798 0.0875025611219186 -0.217529478411076 -0.128727930293639 0.103192855363448 0.118914484279722 0.185520416314971 0.151849864611903 0.116946741006755 0.15548833109923 0.358514128587135 0.493214441525088 -1.02030347914569 -0.350816145045944
-1.23135234618948 -1.04267593010693 -0.00703366289780347 0.199353808367881 0.197383475777121 0.0744929443751331 0.287792577383246 0.312328963161229 0.26727805754996 -0.328720168118828 -0.0111547996577318 0.192147113749654 0.265391495436338 0.118889398529359 0.233983574361808 0.322142814897421 0.196125397989864 0.479231752790726
-1.14471324140433 -2.02512245848433 -0.762579782321342 -0.165135307406452 -0.288584086078924 -0.106183889177163 -0.1362235771901 -0.370621544564507 -0.399148679212334 -0.646040982365291 0.135818484411745 -0.0536283770182265 -0.37431572165889 -0.302951164535757 -0.623034527692466 -0.579549592533658 -6.19179847290648 -1.50059342780991
-0.851103322859703 -0.813761712329414 -0.660372999790741 -0.307443382656931 -0.358516743654511 -1.09875086082449 -0.310631004733086 -0.983476239633401 0.16380446829718 0.0113495172903043 0.201576040606231 0.0896537391294878 0.234084914292331 0.236863384506297 0.0313456668510476 0.158857911075884 -0.300920426718188 -0.738694038231777
-0.149996863176652 -0.279991936491956 0.0442179744629025 0.291611904245797 0.0786102750280911 0.0666044722152729 0.128296217477965 0.100204899612512 -0.835315800158646 -0.11077505475672 -2.8558287934744 -0.697418611111045 -0.198085179158672 0.141187019433647 0.174061515421302 0.315282726705942 0.225277227059197 -0.728896247664829
-0.0743371583418196 0.0143779291148818 0.311943105967383 0.247465354833079 0.371446043915243 0.328421841356251 0.224763858593515 0.26289197230284 0.280513097894094 -0.356209502015323 0.0510467869548478 -0.098375175383245 -0.26637383156676 -0.602797730278806 0.17848556381806 0.354221201040743 -0.0986976866584625 -0.359429498854259
-0.297562968983338 -0.0813548665172286 0.0742505595471253 0.290815666180094 0.192166723559613 0.274863146142305 -0.0414806736084027 -0.0115404954508226 0.0250009393439141 0.00712938922883882 -0.3555703488179 -0.220481623478749 -0.236801670798249 -0.117485614041869 -0.30454635320976 -0.0471687991092109 -0.0321301862125161 -2.45516274278968
0.324098173511729 0.221472187363408 0.150422947600669 0.0695537907298652 -0.0688146899944997 -0.281147453084834 0.17221764504576 0.124642418729777 -0.172818766858775 0.00704480667909583 0.0487307324941978 0.0218234272284785 -0.12335953750818 0.331009281917623 -0.552892973812904 0.175988160233542 0.341595256520872 0.245524844496359
-0.438983947130722 -0.809283208888864 0.309205200309329 0.0474401285010538 0.354151768916303 0.318027867090593 0.465670045787175 0.346632297677625 0.434333800985609 0.256922336696346 0.277996437362745 0.274250692032598 0.380858040888431 0.14763588327018 0.447019871474036 0.648495114619018 -0.592664218632125 -7.69537873570485
0.203308961682482 -0.0327947023611077 -0.0944147589980427 0.117947323194915 -0.187544366352113 -0.136243057502765 -0.538526679532751 -0.737347261544548 -0.0755808887662295 0.181590328190599 -0.50334545376101 0.0264106701962652 -0.122359265547923 -0.431287833222053 0.226781411631575 0.217514106606024 -0.677870718915902 -24.6217527538362
0.054397367882893 -0.259502592987934 0.00716638065757247 0.244027182417822 0.126819641612989 -0.161310585828188 0.247988658166913 0.147512421741018 0.374908123292907 0.120408500576726 0.323385923295731 0.368396986626216 0.256800286655634 0.192818591474705 0.162839015891562 0.289561267311002 -2.839876073083 -5.41338022781849
0.00979194306148246 0.198745374694826 0.126154795975765 0.105371524837669 0.123629173639701 0.0856475326330491 0.168961577443732 0.164911547496346 -0.244850524151208 -1.06312369690578 0.45796664986788 0.197066797048686 -0.0805249553326511 -0.072487576605794 0.270919553393506 -0.150235776190868 0.02305191774594 -2.98757040268233
0.473892101545758 0.304284511216132 0.110427612746741 -0.246316880617657 0.0646025364924596 0.191599326487318 -0.146627515524008 -0.241342006554153 0.125000458817622 0.15948120234198 -0.420605421471046 -0.191513570101068 -0.249445274231213 0.13568965281548 0.108784180701394 0.26687411949718 0.28085094696961 -5.66578852391959
0.1914640577466 -0.375068697954705 0.425532776945586 0.477059229854577 0.447502594914402 0.454248110876526 0.404309039273145 0.393506201278715 0.0693812188528647 -0.0189858989616576 0.237799020112579 0.106477279015875 0.185006921547695 0.177170987778656 0.31451050441778 0.392004726405081 -0.125985830182189 -0.294201261634278
-0.461721273815108 -0.342544793674786 0.0967754333576978 0.197265338323683 0.328938051671446 0.378252309975975 0.157787950053375 0.000907223466522709 0.0323560399648086 -0.661304799093622 0.101331156332607 -0.0208647756832257 -0.690239718961822 -1.09172021674959 -0.143451358703176 -0.206658882092205 -0.431127759089752 -3.58364076819152
0.174388025366138 -0.201996032636254 0.123745568904485 0.0175575623028491 0.000958715784014891 0.132585205433696 0.0768928110584683 0.0190181917136775 0.099161222864187 0.113775290510527 -0.282258061999081 0.225075283951997 -0.630410632660167 -1.13767718818922 -0.88562851218379 -0.611499451561781 -0.590766242844357 0.291148771083575
0.0917130486428091 -0.83513875384382 0.00221176328156474 -0.0569040153674729 0.0101618987871633 -0.132562313221341 -0.0604390321875594 -0.0383523904709206 -0.201772635092954 -0.395605179026697 -0.140732866894285 -0.170308025563812 -0.712193665126172 -0.114949881691283 -0.269134978999402 -0.631813565326305 -0.868800021824133 -0.682341756197471
-0.735988693690433 -0.270609456195814 -0.00182303670802547 -0.233140832556814 0.104136014646347 0.0867884118625475 0.307751332825316 0.151567038470789 0.235321771249875 0.109552535792571 0.206308141805216 0.00539601442024989 0.13455425070147 0.242293860701309 0.261823251362931 0.411306072466831 0.0055561974226337 0.0886836925418383
-0.17655265074837 0.107406629272235 0.200447427877293 0.13557936459128 0.132693074901755 0.17084105751338 0.383573814355288 0.188492591208301 0.317727374560913 -0.0393776544478757 0.0946285611168946 0.371207698701065 -0.0553932010680841 -0.0441208233498963 -0.532286170064669 -0.413536955380784 -0.103792093706524 -0.379074279988319
-0.167549202747614 -0.0212496162752963 -0.0342905201728961 0.196750885764141 0.315011665540948 0.177662114365257 0.166252940906119 -0.48677245354072 0.397773244494914 0.0157559423347054 0.131232351864177 0.151985096325774 -0.377660191160784 -0.185222591299323 -2.25242207857801 -0.97572631436062 -2.29841816454618 -6.25117386554863
-0.341716640671672 -1.02811536242516 0.15106358132564 0.26049223718917 0.117770340203259 -0.138052452793874 -0.0663718114263762 -0.28453084958853 -0.0700346837890369 0.0896814712555594 0.0452521700266672 -0.101651915831476 -0.157855647180927 0.201521978312823 0.136481687036458 0.379610646167952 0.0700282951476062 -0.482720918023052
0.361308402549647 0.259139446052012 0.165714764172805 0.055934473068543 0.0171779886963751 -0.148540579163682 -0.211490677893083 -0.339849167233642 0.147596170194962 -0.0639085005130652 0.124319622168933 0.234490266812439 -0.0839216377866178 0.139181562510942 0.184086666054678 0.482672505540139 -2.05439918062517 -8.45266989469795
-0.631999594129792 -1.2375055098868 -0.6236000515211 0.31823608211975 -1.4057705952578 -0.137147022194599 -4.52887994010861 -2.05626198730104 -0.247409491814657 -4.14697310651538 -0.20664773348379 -0.644990325793442 -0.227164107578895 -1.50509104623492 -1.09614092789936 -0.389315771097473 -0.149045216266609 0.172742492920855
0.0363229893748393 -0.285913578445048 0.0367415474204709 0.0916205430613104 0.0827037272815122 0.00223210432140678 0.0045576468477761 -0.201864669080161 0.0346989839036777 -0.148110178724855 0.222354130202263 0.0945360181187942 0.0322837557120603 0.0115403850434285 0.16098876702846 0.164454326234644 -0.0663661785886764 0.390544851598895
-1.58636664741409 -0.561145496265394 -0.142672484114571 0.217960274650325 0.270031507735827 0.0982609197897059 -0.0515527865499323 0.131336016773668 0.224466156708513 0.250436223471722 -0.120991915863075 0.0882231516571548 0.179792652086152 -0.186677037127185 -2.35284174733143 -0.324288822670967 -0.132785241054919 -55.5684363280303
0.109644929144437 -0.29987911932735 -0.0910582921053028 0.0400027217189593 0.00167921459242057 -0.184766739370052 -0.249132867558775 -0.310244581063817 0.281438602304447 0.242690446512009 0.0979915732582209 0.189604881364069 0.0915939575799309 0.0808436941520125 0.19243194280941 0.24645289464143 -1.82708571525821 -1.69800883615503
-0.0721761039213844 0.0185445144252029 -0.0599559072703722 0.185756728940688 0.0910049130371289 0.0262438155327297 0.0134862396510747 0.158315601703874 0.0251265333924653 0.088675742571699 0.364514231259431 0.335667888302219 0.255332315830613 0.157980371226241 -0.34145457730217 0.212892861633024 -0.886411582519242 -5.29768033488362
0.0648425247629112 0.101082177302715 0.275304172641125 0.25062747272561 0.366894694401427 0.216789947078051 0.353199198344978 -0.231709699919812 0.169378479505704 -0.0168902328220254 0.102464997634521 -0.309934494471432 0.0668410485152701 0.00316978001525351 0.160891903337024 0.230404658810348 -0.321935558811207 -1.79909049001246
-0.377941973593375 -0.0524113258650871 -0.347462697216688 -0.76129594781322 -0.0435644377597965 -0.0602417330231564 -0.405273865333412 -0.497766715533274 0.127233955135719 -0.118756858304228 0.200464267268784 0.0392290569187848 0.249600440376306 0.252831795829936 0.408980561144198 0.394330198412766 -0.0497983130031045 -0.766322139430585
-0.321565856102791 -0.0404700687417343 0.0708190539917516 0.256195877868665 0.31601799457385 0.12598000767508 0.0939445073007228 0.0802708884591196 -0.0126734411835343 0.0938604080009909 -1.03510070036537 -0.639747078931002 -0.655896062852506 -0.187086294731202 -0.607525667920042 -0.208353170446244 0.0676437905615902 -0.325208504063169
0.386648109342132 -1.359207235559 0.120480643653191 -0.567263567431139 -0.718149221122819 -0.975804739566588 0.251612000175028 -0.898453793476057 0.411677493895762 -0.086534450881829 0.582285833518463 0.552215397831984 0.318781735836044 0.484516736392207 -0.245174974395101 0.340769448516691 0.138546054827766 -7.83474184806164
-1.37557415796409 -0.166548225370651 -0.0270852460494223 -0.390475633985573 -0.0347057662340914 -0.138215868869726 -0.340591655668647 -0.726227085592802 0.0310389017289077 -0.0906197064927026 -0.150125298553772 -0.0662860148708462 -0.227834827770207 -0.184333633837835 -0.0378143846563607 -0.0273791201251951 -0.626468434432487 -1.22433615382407
0.012774788194406 -0.0999983273439395 0.169319052690385 0.169550765394119 -0.122478348386371 0.065465560403157 -0.132100965605243 0.00638182102792277 0.0797112691393478 0.236925703639195 -0.409533982656238 0.197661807212046 -0.0208914038499485 -0.850869427209256 0.450485462529569 0.371970335224646 -2.02816922919341 -3.44127630112094
-3.55242901167483 0.30009577544777 -0.918092018217418 0.53986837102116 0.283029699963469 0.148774948257551 -0.115703037518223 -0.344338681417241 0.376799843696055 0.244550043010515 0.286290411937322 -0.0254733816941916 -0.295778800393363 0.121696955496014 0.270925930345873 0.0343615964847147 -0.665027815254591 0.352052484766765
-0.419195332661849 -1.04085506143499 -0.395424300291361 -0.180285921505519 -0.279937648707076 -0.208104277596929 0.120984853409394 0.0628023942414462 0.250979836819794 -0.205699678418587 0.00701640737003199 0.105944457740444 0.199015313502936 0.0929709236844102 -0.0753508590607616 -0.199363564518691 -0.480588467109178 -2.39596607218948
-4.2877318213266 -7.71749493203336 -2.15247152937642 -2.73503066928577 -4.21924687264514 -2.56578986601911 -1.20558884164572 -2.92562282886047 -0.115584031541278 -3.71216107077172 0.232893433242777 -0.564375385613666 0.103087321182815 0.0321030202183383 0.164986576087926 0.119035419716741 0.241971298485588 -0.791811138821395
-1.7691519240967 -0.830041385829221 0.00870065336407985 0.113602314758859 0.0997171079795666 -0.0115674121638024 0.111560088641871 -0.0674060753002601 -0.530659417524545 -0.0444035457606729 -0.551563233921736 -0.13515897476788 -0.952391430627129 -0.862438946390737 0.214868434556114 0.30549736637206 -0.0312863779512447 -0.628840258905874
0.437136732745516 0.349151370743635 0.307914835752157 -0.0430575554829602 -0.0341914217299748 0.179017496119715 -0.301430585043749 -0.0861251486397898 0.165708328204278 0.0166622942576918 0.276667886600854 0.373302222483429 -0.363608434353574 -0.771803102443985 0.266481224122994 0.0659545548395255 0.349725060743244 -3.25007208162305
0.0199332071230203 -0.529806931214427 0.0124433361422684 -0.344943351081635 0.0522289209160669 -0.330050522794486 -0.0747717321923863 -0.234243410955892 0.350513127843813 0.0948083792052927 -0.208027404819606 -0.601057941949497 0.291953285042701 0.479643091133161 0.152233772750263 0.489993509412978 0.270992800928237 -1.29857200896821
-0.163947751166068 -0.761612664741577 0.00270502182570026 -0.0637189381470267 0.0637902813552603 0.043915139483719 -0.113366180466426 -0.222758422823665 0.0730636344282113 0.0864221265507117 0.0539649023834912 0.059696817398314 -0.54616748943359 -0.243056643531999 -1.06470897445596 -0.438044258566293 0.221996817845943 -3.7078844818214
0.417190508927215 0.134111062234072 -0.00468412352228687 0.0681697538219338 0.0590939105657121 0.0406844460345192 -0.0144940256806099 -0.106684732804731 0.0843715250709121 0.0564442206853607 0.163173084154183 -0.138935451873049 0.149594855958235 0.298616985484113 0.234400198655001 0.301467662661862 0.263823016469545 -1.53881646682909
-0.240569402462184 -1.98069165339196 -0.304725521738503 -0.968052762205148 -0.0500002397096817 -0.128114931895949 -0.221714640929545 -0.469471931059323 0.335939925691726 -0.2973508422335 0.14265680272225 0.0801524713842514 -0.679303310729165 -0.777781179374479 -1.14504605502833 -0.240416436841025 -0.831601985200588 0.21498820080005
0.00329456926463789 -0.168279789679953 0.153444059395545 0.22581107462685 0.189540835037687 0.157936099948228 0.0615057516563695 0.0901325171408875 0.0847094508326976 0.0297123920263387 0.0599761369678394 -0.277449072906309 0.181222724805859 0.0427780075329153 0.288653811050496 0.0565036373351052 -1.02832079888573 -0.915479985850753
-0.449518060253738 -0.349622268544192 -0.0758439889327734 0.14281185163712 0.0925394918893947 0.102605302288772 0.0962539590069609 0.149864547629329 0.156794084855295 -0.0800973226342343 0.158785531998149 0.104794155228438 -0.634661084360778 -0.145830466822383 -2.16545995209027 -0.867663779124408 -1.4958607720295 -5.35174866480061
-0.178552577653092 -0.454367275205109 -0.153298759281001 0.0542562623611757 0.0945976887157683 0.220471622407351 0.182170326447046 0.0832617083437968 0.181153311330919 0.148736703170696 0.0873654245673029 -0.351225419562488 0.0847378510917045 0.163842158453761 0.541281079559365 0.538922780012725 0.617636325527798 -0.224122616272086
-0.349014852603221 -0.0744047181843754 0.0727378540262338 0.0373545513068917 0.147495804787339 -0.522403591582579 -0.0926873703177815 -0.25553400085211 0.506777521649129 -0.027150627330924 0.222497929782718 0.455595052067988 0.281986510389708 0.176287682340215 -2.55619840544437 -0.305732556801136 -0.59106399771192 -35.3704021474235
-0.121019704051802 -0.329078189169383 0.00631758168563691 0.254745789085986 0.101622764570107 0.0747971121743438 0.0951047921106717 0.0891003450879279 0.241786734276942 0.162538724614016 -0.369067969686651 0.171258744711457 -0.233221476252025 -0.219180048299661 0.425684641181212 0.418177939006765 0.427414439553124 -0.971201069824643
-1.38382312360313 -0.698438552808536 -0.0705595959202241 -0.0580620144075793 0.229598541023263 0.0130923423827383 0.406925071713269 0.117060671460954 0.400337887312229 0.168881272585515 -0.0738154634806127 0.0183610088126735 -0.0627395100814046 -0.177946458922537 0.320749378149584 0.315825715186522 -0.153606114726358 0.245848960305869
0.456750373995595 0.165315988435677 0.194184424112441 0.35633172109677 0.0518127640417286 -0.2649871466559 -0.81454290434431 -1.05694531325845 -0.0958897427422031 0.048988443033621 0.0546697174565256 -0.219036158491209 0.0487315701228064 -7.33477777677494e-05 -0.0200672910856016 -0.129360854122407 -1.27481711302943 -0.586601699812713
0.0557242176047137 -0.170649622367991 0.168523355516389 0.0155351916915198 0.210961264276465 -0.115005592860577 0.126610279724544 -0.0187885731378682 0.261597185971625 -0.335431917377343 0.0680042605947009 0.0409688637290746 0.0453967552466496 0.234878806737491 -0.0398282234463871 0.103849265823884 0.505016073977692 0.6334232648629
-0.443358150939182 -0.414044798814123 -0.0318795151624104 -0.244772006034527 -0.1755630002532 -0.117953583980907 -0.299183722714043 -0.0912179363853303 -0.18584423824462 -0.143754770575939 -0.246102433510532 -0.0690814299904558 -0.597169611462273 -0.824296653317946 0.131328422706768 0.0156064828674637 0.218127737190801 -0.22634319581492
-0.395018588145839 -0.368386352649562 0.203265943929875 0.375249526337987 0.333823627594498 0.221063570469965 0.251075551237636 0.160179338307748 -0.0620087333839642 -0.0848543275784605 0.0727342418633912 -0.243593900812117 -0.0951875360512734 0.192457905978634 0.0316110746948299 -0.0496901686541459 -0.457463986503791 0.556553596061047
-1.1582028538382 -0.756546337586578 -0.0626418898622219 0.245584821599716 -0.23800717242337 -0.480853193125025 -0.0169928885033206 -0.397490709393423 -0.0384289753555778 -0.142780582563272 0.292096692708804 -0.0112716893057455 -0.0431033331750056 0.256883619877235 0.215499951551608 0.32483081090013 -1.52393912770257 -3.52396258654447
0.113454804798856 0.203713518379218 0.0207187726468428 -0.00849063334128448 -0.169693497808334 -0.0127226555665171 -0.121742586777499 -0.146244492181164 0.113977576202014 0.0872190396742348 -0.136824962804095 0.0305009081114289 -0.163090854437513 0.156821778165733 0.376701167535564 0.299161248884432 -0.116379754480768 0.0359223760160443
-0.209385378520201 -0.16886954003812 -0.112205482670605 0.154912691778035 0.216589113743549 -0.0862349143522175 0.0608123866772673 0.064896808730821 0.423661217345674 -0.0202078102912534 0.49290787619777 0.235254849987614 0.326820045589806 0.395391005645072 0.337253630283111 0.305755037110642 -6.11519071487982 -11.7752250031236
-0.507767300010881 0.0648933972062404 0.158228307434546 -0.295496860921047 -0.077889318850697 -0.143214918310583 0.225592965185458 -0.0474588790348251 -0.0666044379021057 -0.257992404901171 0.102919524963919 0.175563492117201 -0.458152804066889 -0.0411407121431332 -0.107160525874475 -0.454089742550366 -0.487918585185468 0.45897469856505
-0.0615385903782904 -0.0923545862030159 0.117198005321012 -0.170255356559764 0.334105677504548 0.116731999399992 0.0976095272241466 -0.0229715687818144 0.327313570501375 -0.379048112549363 0.100717643901733 -0.331288514001282 -0.365872726655962 0.136590430165532 -1.62014607556984 -0.750369332032354 -6.73845184056078 -163.448735022337
0.390417834904114 0.48447248142396 0.257865387121821 0.0470085185539212 0.0319961734534039 0.294443350150513 0.222116665942303 0.135459922597541 -0.017236500217924 0.076405605536471 0.153261757936265 0.133659894872997 0.0420464448267024 0.255994085634871 0.232470135985674 0.394534015236616 -1.55584143869386 0.0657187657156472
-0.0820367921659135 0.122052698629223 0.133813606370347 0.265967346495453 0.264041853049056 0.226331586692502 0.299618884026767 -0.0427191030591909 0.256538136954177 -0.458196913580427 0.17875746221201 0.0267015710525456 0.107672775465439 -0.128028468378793 -1.67502707421172 -0.271380033169885 -2.66589741222157 -12.0676915963441
-0.568132179914589 -0.0983950486258211 -0.170765633229718 0.0240754533786067 0.0604076060281499 0.0588716715693681 -0.114046052139667 -0.0907232214977709 0.0709622512435035 -0.126447888229539 -0.0300394063851803 0.0775137884956096 0.0639670743271716 -0.0032311371285278 -0.094520806867395 -0.00684552750176126 -0.363901233868421 -0.0655582593735997
-0.260819136653519 -0.0163016576106055 0.26471709040714 0.286935187432365 0.308499378571299 0.319306593729591 0.285770089083584 0.273262952220054 0.179928913411604 0.0196755886399497 0.391830219446733 0.251164604836194 0.284936337772953 -0.198609233115831 -0.819003411073563 -0.404076061379233 -1.62834603210326 -0.254497591323415
-0.0550040518566535 0.326195973778387 -0.0306462583139889 0.00225260315163633 -0.00388271317816339 0.119897329938138 -0.192725512692697 0.0131239958891173 -0.00565417014873782 -0.260317923403264 -0.01121165649431 0.12725592191334 -0.13120709115022 -0.546347767343758 -0.435052637573242 0.048845963402966 0.0421850401848274 0.328181148099011
-0.868734375772988 -0.357888780634706 -0.169161308068061 0.211423663285674 0.171955964365256 0.159041647691433 -0.203625420788875 -0.146059598348084 0.00510911414233649 -0.0387796975120955 0.3544769616245 0.273721765120649 -0.272017513181464 -0.319474647137367 -0.391355675604005 0.130227474803873 -2.68927572831501 -6.17418252626395
-0.340170270589779 -0.0226309248395207 -0.234778419475489 -0.10159123214646 -0.0394882570093173 -0.00228120885288768 -0.329273343458862 -0.133446348595032 0.0724541794883054 0.125294146116999 -0.14087604502055 0.0781940248889903 -0.203709829024165 0.0287882820310172 -0.707424459226546 -0.125745935452967 -0.541373248326055 0.215335031057649
-4.36563173658488 -0.273511060032306 -2.23257380071883 -0.563529540198192 -0.151774490098468 -0.24564118815322 -0.747975684342462 -0.0343871685504877 0.169731938632453 -0.207229408354711 0.215057956478967 0.296186497919859 -0.240315224192971 -0.00130091241209451 0.295756273262396 0.149515630604118 0.279876508950643 -0.398125917472646
0.0580270617522403 0.0981551373294931 0.0705692343681529 0.222747380582529 0.0816242185541867 -0.152558209390367 -0.0212592491038123 -0.155561860906301 0.206417969819508 -0.0200770186073318 0.333289227151567 0.116385621579431 0.370308554238837 0.417635731990797 0.440348108446924 0.573116295489263 0.678573662729955 0.275298282910738
-0.969956205226774 -0.523810474843043 -0.218448869698729 -0.0434794626347616 0.0233960509598725 -0.318241520719954 -0.18659737605759 -0.181584325154248 0.273046490189247 0.240798660478165 0.400962053706157 0.043114400352714 0.211923795926628 0.094341158970417 -0.212327714502792 -0.667239067960265 -0.863126342177332 -1.9655117946427
-0.102114077207793 0.0280316869128413 0.188614010010383 0.214054461671828 0.23213933900635 0.207299626844569 0.107867802094051 0.111766192936023 0.36931227908198 0.0478914391003274 -0.254339059570011 -0.288027220079516 -1.26280286990217 -1.63838949523017 -0.829334517227945 -0.789490338361482 -0.745416452622773 -10.1329885703899
0.23649365848798 -0.0295243685493236 -0.0264025939088008 -0.583621392755052 0.130256070515929 0.241005171612865 -0.215301164131593 -0.299668623735759 0.189393372866042 -0.0534178032978649 -0.210905019232232 0.014844854275429 -0.0891544393763496 -0.330783987406876 -0.153834900546601 0.00565683082520955 -0.334125306361478 -5.71223595622307
0.025054879689468 0.0263995702696815 -0.0229177408210874 0.177882191650609 -0.202129978818128 0.0989544724347118 -0.221276546917724 -0.211881988058995 -0.154447606292831 0.01321726327541 -0.661337810363516 -1.00887015402469 -0.250987740695438 -0.0909972599924149 0.279552068071596 0.444927381412197 0.0653932257129396 -0.660207012789048
-0.30447595285636 0.153115072808591 -0.120601344145627 0.0539870124971105 0.0726248051789585 -0.178849034481149 0.105141632795035 0.0578151463086898 -0.0116623776437547 -0.110492288779134 0.0254924986077872 -0.175962307084651 -0.229230385233522 0.246041087544863 0.10620832864367 0.280086457689279 0.158166846490423 -1.03188267711401
-0.200014655202935 -0.340438896951688 -0.19956983248484 -0.475221522814507 0.0416459453198386 -0.179484457962434 0.13584123489381 -0.010220964648688 0.490042900292747 -0.0698796561244368 0.413697730524313 0.369654841460749 -0.0763295745891125 0.0810834307603519 0.0103149106310901 -0.138635999313826 -0.268679569950811 0.253724984318135
0.30628183216716 -0.0523203515090033 0.284635007654064 0.308492739198735 0.217578128595117 0.207057363360709 -0.03371957997104 0.0651329873110192 -0.412031855330243 -0.13222946707932 -0.044971723210283 0.038261669316628 -0.0323637920758549 0.0236471099931077 0.117221104622839 0.200019032813094 -0.190364350853713 -3.42464452809775
0.34238025608111 0.071203534175046 0.147459422726525 -0.00390238944498225 -0.0189284184654759 0.32344372548765 -0.499185979110706 -0.210275707175656 -0.21392942915934 0.0513039086254879 -0.418666430483242 -0.230291117854146 -0.0191511670897804 0.082946644428299 0.249985256330622 0.413927836589027 -0.391528380715065 0.206689014935884
0.117787458611877 0.0542450298628931 0.126512629121094 -0.0518218007336222 0.0458463851739794 -0.03053981480954 0.165017545367689 -0.339508889289192 0.137764266976629 -0.0788737428677592 0.218679426202066 0.143334555546872 -0.0224097454874039 -0.186608334538803 0.131006125047507 -0.20035684587857 -0.0880309326219353 -0.73614492142193
-0.889694557151733 -0.930256871731993 0.032212818589679 0.454718281741042 0.339610011023208 -0.0226833056664654 0.346731258253843 0.209970229817647 0.229413329006499 0.226202259975117 -0.259447306657237 -1.6761793166396 -0.435675657111839 0.296024198200188 0.425439157169049 0.599204324627186 0.258184087579696 -0.564896021023617
0.178137909659374 0.00334287487114911 0.13307943462826 0.152591583067899 0.173348053380647 0.0788312141708899 0.244910616583505 0.162032350652198 0.0502553794120587 0.0162297892083772 -0.080076094706762 -0.0590500888085887 -0.169302260105003 0.0371443467701887 0.000768417786688803 0.0821072457789298 0.587909454154025 0.295651478935913
-0.638348307689416 -0.237285538008165 -0.470941016685269 -0.594034829586408 -0.00315886875621933 0.0833693100389727 -0.190561267102586 0.21743958939176 0.023255571958111 -0.131183147392065 0.151944225299295 0.0318545116149439 -0.255281624377206 -0.36102554085312 -0.459546876494742 -0.931945839563018 0.130065684321349 -1.03653762898641
-0.760076082230988 -0.192441479919173 0.139623299960633 0.344210443326022 0.214483143490748 0.0594221748962299 0.175549514175438 0.240291203548589 -0.00482318202376008 -0.233374877803979 0.0734581487760748 0.0544706314027348 -0.0868746867370764 -0.000798829888772034 0.349069576581408 0.320274515051562 0.280693880095777 0.619927972821183
0.16189330191664 0.251635423278898 0.131764676824958 0.0466207970849082 0.0476222638463984 0.177944251091076 0.105955812135269 0.147970145202733 -0.311417344150119 -0.910840728768175 0.330947107465521 -0.0162572600169172 -0.0918320965393134 -0.0328955788961084 0.0462008004274698 -0.346973884920131 0.3102296422007 -0.125773861469419
0.286569973859457 -0.231596157446162 0.314781685890072 0.0705796141009934 0.0203630760656935 0.326500461364045 0.14253888305996 0.198087444164536 -0.0459185131667156 -0.0995902435893846 0.157127858953932 0.0404747277067501 -0.0457029308388334 0.144720862460902 0.115186061568747 0.203015087524811 0.131929553148405 -3.18397914833096
-0.221782896728498 -0.381462475683783 -0.218926418958159 -0.212318270946804 0.116098524904646 -0.0244321656353473 -0.0789947456061798 0.112112594465753 0.25429586910227 -0.137189968094481 -0.154506718110096 0.12005868894323 -0.0387286006587816 -0.224525705397473 -0.26235489967906 0.163513612304634 -1.391603716628 -0.164689026243958
0.471794416320332 0.0171414686816621 -0.598897007668066 -0.131565067115309 -0.349029572472365 0.302884854577551 -2.27855362278238 -2.33409414037795 0.108302039141675 0.213031616879493 0.0535104068845525 -0.593200827742303 0.261367203327418 0.214483184446033 0.393936477859856 0.14318972345999 -0.167239457324079 -0.0301466883797616
-1.22343887824179 -0.466106188362308 0.00892747659636773 -0.0629884205580019 0.153521879995936 -0.119483666500723 0.084961950296647 -0.351452969003204 0.0428940478680741 -0.0901806712417541 0.138275122841785 0.098318040729766 -0.192455513309862 0.264466882777369 -0.144585418855352 0.134471060123397 0.42069694576972 0.5762362531951
0.157166658702436 0.0864025747274002 -0.147066927027885 -0.402609791979001 -0.185634422586765 -0.233552693653302 -0.0399967128573173 -0.280272622309024 0.211621396482997 -0.0751237652606722 0.182449593132491 0.116582805773288 0.0986120072940307 0.0639634465221934 -0.200905814902474 0.198226252039501 -0.896444706816751 -0.414530982746312
-0.390571090641181 -0.574536364621312 0.10910624780928 -0.095702084851629 0.285679044303252 0.131995488801678 0.198477591055731 -0.166263902524244 0.290154320299941 -0.013837682505659 0.000605748983757772 -0.098781534025647 -0.0253848096134186 0.0376238474388689 -0.0271335289547306 0.217081559520366 0.299208831199394 0.252810552088027
0.53948144473228 0.0387516054889608 0.259979716840673 -0.221370035431593 0.17534844834384 0.141850991251305 0.0181708572045842 -0.290096389201245 0.235004347589519 0.264804218182511 -0.0387300461532229 0.132523671974426 -0.0053813861561121 -0.094320450873 -0.0664181407909903 0.107812663875368 -1.07028678465051 -2.61677413448803
-0.849992944836813 -0.759916477539117 -0.123725746756673 -0.314576572487117 -0.0914449968443924 -0.260202335442971 0.168926679393653 0.138576745828629 -0.146769798754661 -0.0136357268215995 -0.212834542830159 -0.0811823002208577 -0.29142696714313 -0.251792652016319 0.217025686817102 0.243468480554901 0.0246812042853843 -0.688939974485822
0.000654761057459467 0.21201666518832 0.0441207248728976 0.0487849758137299 0.142636645436712 -0.0294687122948887 -0.0766037797733217 -0.346175258528512 0.281665256487229 0.0749748050422789 0.126545786561794 0.0198278589606776 -0.14310263781762 -0.188225853069884 -0.420833047844322 -0.378960957000323 -2.87060796557711 0.421925844288043
0.419264206568918 0.0849666507624951 0.163301592800331 0.141665216453734 0.139633220572519 -0.0128381225845894 0.0936320958683155 -0.24563126601747 0.0401909389958242 -0.0452362233487807 -0.216531160497525 -0.0881611057982298 -0.426375623646341 -1.27030027217804 -0.506367039501055 0.129778695618038 0.376454640795275 -1.1603721503082
-0.520245963232423 -1.36459605885833 -0.21039505571919 -0.176198032232427 -0.453379338284121 -0.342535809192589 -0.47543781268679 -0.786730072689081 -0.216388539497241 -0.380460157594965 0.216630770173432 0.0237348599912198 0.0286841512880284 -0.0599897696916712 -0.230661728872773 -0.481051692752192 -3.38438259850741 0.0846037144996748
0.298275091223492 -0.130178146548156 0.321339906881417 0.174601433590771 0.0038156296281034 -0.640433280602787 -0.0697703367543498 -0.681051033683317 0.099342124946697 0.0155849689007253 0.174219972946462 -0.0628055688068899 -0.113320597988021 0.202303149704039 -1.56067736464883 -0.39740555523125 -9.72578482610635 -23.0228006613672
-0.13393255931792 0.36742515416378 -0.231340075546107 0.0801327785543707 0.150721367315664 0.0969261472047499 -0.367233579693343 -0.353236016445844 0.336439545909759 0.2079845191181 0.342924888240466 0.17104095000387 0.355562236679057 0.348224051267493 -0.963454089909108 -0.21102099174507 0.577790381100353 -0.88052608207959
-0.290423962892696 -0.67201112660271 0.25784079584867 0.44771844630041 0.207141558069704 -0.039042572922283 0.150501045051325 -0.0442903184272923 0.0140670753724094 -0.0615178623107232 -0.0551731980800169 -0.169304356659918 -0.287294752634539 -0.198896886047243 -0.0126917757360742 0.356117611707263 -0.776854414405773 -0.302105519746515
-0.918860836570278 -0.695083672298513 0.0172886159433661 0.258187740393787 0.343270885136469 0.318477318049868 0.260238161015426 0.185789440369676 0.402656090258928 0.0190513210398872 -0.0454120632364168 0.233384967535467 -0.438104017825589 -0.302142441298275 -0.29219572744626 -0.101390866865315 -0.838650260035342 -6.30675615138136
-1.01615634581348 -0.480766816896045 -0.0503682010961449 0.0916652995786459 0.112170339081779 -0.12582589779778 -0.117713256678446 -0.374386797258927 0.201200823640283 0.251244030030029 0.0484852187971033 0.216588584270544 -0.359246543226695 -0.0975985073387319 0.395427170822922 0.27829744362508 -0.383823520249324 -0.344740099729877
-0.761777960891754 -1.09355273247615 0.326893881694409 0.162758630460865 0.198890277431158 0.286833459984527 0.30791696104122 0.0244705735204366 -0.553527152832134 -0.40188970306256 0.0791056690285465 0.0358694379770571 -0.00145177544519992 -1.35018501521627 -0.0229120081674854 0.181969522335829 -3.3799684331553 -3.0735534540445
0.0626516173261504 -2.20072927644135 -0.590561499221347 0.0464931571147356 -1.9148693042514 -12.2325164952541 -0.800884988558005 -5.71493174179713 0.362223572792645 -0.0614778461045985 0.335976804692489 0.235151530648385 0.265067575417586 0.329162850358728 0.438740809133561 0.450221284563253 0.432631921840842 -0.958956536156282
-0.0825994139319742 -0.408312334815352 0.04421605417256 -0.0105842626154448 0.0775633694945881 0.160598314332872 -0.0314490786066533 -0.29315694038278 0.163110418706946 0.0780869773179192 -0.0133305876090693 -0.0141077507373054 -0.154359317191466 0.0587881692487195 -0.339632437064942 -0.536871207392537 -0.578524891764884 0.238058275441022
-1.02129668474317 -1.30527769380873 -0.585607745082006 -1.28484699160452 0.137893817000696 -1.05710193933396 0.0616295712950546 -0.228629153598659 0.123312142905996 -0.253026434560416 -1.02305810794691 -0.572103181739346 -0.88969733385204 -0.0172492197557596 0.0227502037925173 0.148241647171946 -0.0984592227457617 -0.936058907590788
-0.637921178967733 -0.254137857043381 -0.316200934224113 -0.442545141267886 -0.0939472136134526 -0.00999758474640353 -0.760474573118554 -0.193245359788778 0.19691515030064 -0.498705152679556 -0.869130469400647 0.136969894351893 -1.00716569701117 -0.740410147735437 0.283709085761164 0.155150941458501 -1.34022448138216 -1.90592950887872
-0.34951112113066 -1.08382423883072 -0.280206994362532 -0.0936560726409303 0.141296615826044 -0.300971848727357 -0.20328857475822 -0.278827463905412 0.397939531450206 -0.001173196022817 0.414889518860931 0.262553901752166 0.414464271691335 0.172098898838375 -0.0763206980791785 -0.077977587352539 0.27421311728171 -0.0244916390408294
-0.325012696667964 -0.337465326265919 0.0289065141230744 -0.0812657089643724 -0.309828970352258 0.0708155522036378 0.0435980331102851 0.0480339358473786 -0.30428990099397 -0.0370779202609708 -0.708652991202097 -0.387477469918765 -0.110186722454173 -0.00153175561028156 0.19978022280788 0.208299920516765 0.294302691752017 -3.43934681418595
-0.741538255330073 -0.607966035349851 -0.260061238184629 -0.232245138402166 0.194055289786684 -0.027598534448735 0.231233525943721 0.0326437478497493 0.0809912747095764 -0.0512659888195896 0.142731335298209 -0.234495156797452 0.114795924052085 0.0708501672073632 -0.0613050414212311 0.21770195823658 0.00110612096887577 -0.389898516569378
-0.276453341500577 0.129435945989927 -6.11388554129064e-05 -0.181327779255841 -0.0151526367361448 -0.0427750104479628 0.00619593325978262 0.0975150686307952 0.0063471832646991 -0.186137499194794 0.265339561394842 0.185702597171218 0.0559482767394547 -0.122773391171282 -0.6114310869216 -1.92883037002966 -0.199290964930567 0.411889288283424
0.436768004966802 -0.512822324961096 0.186102730155164 0.312330974789054 0.266769072407395 0.278943205742988 0.286956871416673 0.0988791970708234 0.127683093992501 0.210873078449748 -0.281520450195104 -0.203791846121471 -0.0173965619128698 0.24184919005946 0.210628252478152 0.176962329201083 0.0136888229102999 -5.0701450710812
-0.519402774719108 -0.659697785830043 0.110426092634184 0.237504383297205 0.11789080469 -0.0172878752285582 0.175817429415572 0.153409409540076 0.181792734365793 0.0217328482998623 0.256676253056182 0.233525832077883 0.0598095852463879 0.0296194036925401 -0.524794734094745 -0.321841304920519 -0.949699319667039 -7.8912370661255
-0.26113123794801 -0.0876429777476708 -0.0919577010324284 0.139191654571315 0.0882661966136082 -0.263472480604986 -0.1470055380473 -0.506736838058518 0.296120831761205 -0.0223479167779327 0.262641337727048 0.249970141281912 -0.285485087301013 -0.322064901094657 -0.178092600024825 -0.701786650529066 -0.448448467728358 -0.216634819020949
0.123194155063538 0.0292160899857697 0.190799688394989 0.132222244855027 0.0523480382483809 0.276760474127111 -0.0940605880439243 -0.0538086439008776 -0.195330371765335 -0.0832998926542518 -0.333739752199074 -0.242762561967775 -0.0537315398478609 -0.0469626946948256 0.259750275437925 0.42067593247425 0.498454467351364 -1.23231292184485
0.0643483691856962 0.15969485607767 -0.0727259115848907 0.0732004428189955 0.111585758826029 -0.581165468286747 0.0963456940688421 -0.329880525984578 0.204699956808121 0.00444253389805066 0.225628774361293 0.147466062167008 0.111781240708284 0.0442320794883458 -0.602513005869614 -0.608800928634545 -1.47714244605871 -0.297811609866715
0.212046077191356 0.00439782201577706 0.141746297234047 0.144173069303905 0.204339996104257 0.15753727041876 0.0331669688474172 0.0771038151443933 0.0896362608583012 -0.185115383569236 0.182767557448999 0.333462486770956 0.206835137598547 0.196886833831267 0.013669177375668 0.18185791869771 -0.221239816399817 -3.54648966749348
0.0675535487555532 0.0985460379041262 0.25559189807296 0.291998804221853 0.17584772967676 0.36335479900621 -0.138285899628957 0.263900366352487 -0.00166862547102018 0.167185836885543 -0.0900779297359758 -0.439752399135876 0.142660750985969 0.187186320097862 -0.00755011360824244 -0.122182152109534 -1.49329465369285 0.384426738559834
-0.224831650691938 0.156188915475476 0.232492997334762 0.187022853451807 0.216334262414773 0.2962198858674 0.153233888054957 0.0645042463129343 -0.113180309650625 -0.144404384327309 -0.358237378874558 -0.0542251752708794 -0.0824535849897121 -1.39586889034197 0.0951709614781478 0.0691386499626081 -15.0137021740592 0.0337507864668854
0.0986228130133229 -0.22235706723007 0.0166224636835644 -0.212891952085363 -0.0495058770892653 -0.0189485353499287 0.114815426278985 0.10417662627954 -0.469141586488745 -0.337101281903366 -0.21520937717866 -1.04086464794038 0.184066909091602 -0.0981190522880611 0.341260547815586 0.523239107001611 0.246739780978012 -0.141726478817274
0.334274341315031 0.230384609257159 -0.121061148048558 -0.354817895113647 -0.239856971253679 0.117061982494557 -0.502204996913721 -0.206390538297828 -0.31945085776385 -0.243129472247523 0.116001448198678 -0.144374926596839 0.160254013078182 0.026428454837716 -0.607194921790006 -1.22193885913354 -1.22207269461354 -0.385419551852688
0.0541614696644886 -0.0915083949544256 0.0687252924417724 0.199249462646567 0.381393181891133 0.31850083754352 0.274174531067306 0.142965357273163 0.166288166373093 0.151740021156746 0.2593575102991 -0.129624666056789 0.0104538244875369 0.159412999595635 0.337577839404197 0.159083609984568 -2.13074029525348 0.300315629476741
0.236394591352393 -0.0326160440590188 -0.0247082663917063 -0.117605734138303 0.000418655213465847 -0.0848766383625289 -0.263899025688133 -0.288025735388728 0.182508949019035 -0.0701581103768749 0.233862031303829 0.243083636829092 0.250910522806358 0.102916730773439 -0.522813634185708 0.132144031375189 0.126459340019001 -1.21992867832899
0.126737685970206 -0.06385394941082 0.00283089139472082 -0.236489677469728 0.0170860996219919 -0.0971237301064619 -0.421635578459884 -0.279617492337188 0.183655710159365 -0.0119708361504821 0.00823433063073279 -0.00037243291164858 -0.260156368859783 -0.0291789876974054 -0.248582375182986 -0.636789605693283 -0.239951845261527 -0.379421137637634
0.551713692474229 0.149239276921725 0.100255056043249 0.144857585126394 -0.0261261868243163 -0.304664953744529 -0.147868706271222 -0.102097786411924 -0.601497399102512 -0.634859275053176 0.0426996286881227 -0.0608175057503687 -0.145602589724629 -0.296236845251588 -0.176275132777287 -0.176524433385269 -1.4860570003531 0.0164990924879477
-0.179580662125766 -0.436914998766923 -0.00990682049460844 -0.196501791673901 0.0623670339576443 0.015351117604133 0.0149828721560771 -0.202818764204548 -0.0743495994019015 -0.123086324846355 0.108601025221998 0.0590912723344191 0.0757646482027457 0.183288169662251 -0.619286287456597 -0.518600077346877 -0.215410571789374 -1.9060742505633
-0.136015808787569 0.113332165437023 -0.0837301696522775 -0.269662023760669 -0.338864496737102 0.120979071280598 -0.404269601363586 -0.0678379014752479 -0.0058526867333696 -0.0927827604859583 0.0931546060194824 0.269408003673261 0.0417912725908272 -0.172835654840084 0.166412876939231 0.129166773052314 0.268795294784323 -1.9367479410594
0.243131085235531 0.182083908487351 0.0392396428147229 0.213118844536323 0.468757782246195 0.235834759911103 0.475663015151192 0.105681165855282 0.0151523003208047 -0.127631139660711 0.00257507324600428 -0.529252247326374 0.0129413727520366 0.0580592050119087 -0.393066107472592 -0.261003873914139 -0.377058582485682 -4.33482567976211
-0.20877217703263 0.191508953613883 0.0768307671128947 0.218981042179605 0.300181322509859 0.186602491116106 0.270428489914883 0.0884422051152843 0.0584975755938618 -0.159001183931729 0.0603609108662308 -0.0567614865844569 -0.423186170562062 -0.739999226712785 0.149572961476941 0.281582545652485 0.274722387831677 0.497465219750456
-0.604870223454965 -0.306055418175071 -0.309208353303499 0.262129153282826 0.308068556594234 0.0428350541733807 -0.0906561803351543 -0.193217422351429 -0.187950999087071 -0.195038975681861 0.121925853485622 -0.174793332905005 -0.626638276300484 -0.395399805111354 -0.321012457951015 -0.147264616674247 -1.26940250672058 0.436951872350467
-0.451504361505439 -0.468939806749291 -0.309661080066535 -0.42598853993566 0.144844225730055 -0.442475157636435 0.248145099929969 -0.08097680310413 0.301446270335543 -0.152021263980882 0.23684426306602 0.219155509000166 -0.213939280873387 -0.255669774747338 -0.184330019022827 -0.0300517766123274 -0.27031945613097 -7.72877480554049
-0.0493634001345349 -1.67980245161723 0.126684547281848 0.0890490473280664 0.0247742933141396 0.133230448562482 0.11870176555526 -0.0618473963748199 -0.0154973170022327 -0.175807720041534 0.0494114552472334 0.0214902698265401 -0.0830240546570611 -0.0377264548289868 0.0463315832726141 0.42665958147398 -2.990995095161 -0.397274389144221
0.0791397903191583 -0.232912897730755 0.0771491254069425 0.0984658938470506 0.0798657083536288 0.110637645229699 -0.301914102659464 -0.180874923195073 0.0493555301680392 0.0932664904862156 0.0476414109435959 -0.377419232732026 -0.14008959452641 -0.0764744736511109 -0.133585446441141 -0.208395896333751 -1.18424808919256 -1.49158296447504
0.0955803030995823 -0.136288537076976 0.0286338912949998 -0.0639350380211568 -0.0760975639026352 0.147028638645429 -0.371785539472679 -0.336680434363291 0.0282023853289794 -0.236778677115739 -0.061589347016541 -0.0156196440721371 -0.117036622501905 -0.0770657376520182 -0.563138664631295 0.130291200410677 -1.21736332879275 -3.39167414982368
0.0218553431159127 -0.174187156831558 0.3933459543322 0.230832550161389 0.342824666508648 0.161478764827817 0.339067837786865 0.270891796189898 0.337257866174314 0.153947916590762 0.371502351896964 0.31517691155413 0.421206239078541 0.0724009062990924 -0.148538427626099 0.273274785427888 -0.161304760323364 -0.638716375701077
-4.32072864805073 -8.68065508401854 -0.954706335485582 -2.45985031602536 -0.0314228171858325 -1.85073660123728 0.157818931331958 -0.903051682734329 0.324802114210456 -1.27096938819624 -0.175409703036931 -0.318314400757155 -0.809250959569446 0.187237022783998 0.333173548369987 0.254394586359019 -0.629655370361196 0.442193924084804
-0.0138404028127205 -0.135570741487713 0.0476864986075732 0.186212608522218 0.0161642521366158 -0.00598825760950144 -0.0788897237379002 0.0125407808411658 -0.197203700267344 -0.165233761322854 0.092097452155223 0.0921137863921317 0.0571218757296687 0.253091292245035 -1.77235387298749 -0.1196993598324 -0.498757068185406 -38.7944603085444
0.34733262032878 0.108320496683185 0.35350189894443 0.350799025029092 0.24752238651428 0.29618398888221 0.13854885565604 -0.0301671942059069 0.169492182529363 -0.0473849020884901 0.158107502126004 0.104480584111051 -0.056696851255408 0.192485716906216 0.159317181916736 0.0697477541298281 -2.63857876363361 -0.152877693847396
-0.218660763346961 -0.362680832584945 -0.0625926325194349 0.145384735584551 0.304202746792248 0.118044923846093 0.0575841438736501 0.266534537258799 -1.81887665992484 -0.631174098628045 -4.87287000926293 -1.21148249088581 -1.2556274937392 -1.24341847944254 -1.75490691214744 0.242568606672555 -2.74999190151013 -0.164155290316822
0.22828480091305 0.208338150876719 0.339775675513046 0.28247918026682 0.218074670150393 0.197913518002791 0.216656282472352 0.0565739169212203 -0.429329219803456 0.104523626147157 -1.08158136686818 -2.62418632963515 -2.02726941142088 -0.499775966361075 -2.79484291934345 -6.71943357702109 -12.7004616761668 -2.48674252927635
-0.142200372963638 0.245996570987616 0.144804780108006 0.0824432529221647 0.161247344089403 0.167478369709067 0.0749763409804397 -0.171893585057775 0.215812204433658 0.277380347425344 -0.108165778268589 0.102114987329924 0.196153287021722 0.17528729819906 -0.148364486398797 -0.199571980708042 -0.290917866947685 -1.44436645760929
0.182583098527512 -0.178865805002585 0.153549258205324 0.0313072667480173 -0.0424653683570799 0.159446113680489 -0.171742989511594 -0.147766096103638 -0.0690849529886011 -0.100247508667103 0.119502338284997 0.256818779315411 0.148622192316187 -0.0426507884008221 -1.12375536851281 -0.752813483445316 -0.247854714136875 -3.11450095258396
-0.32977258231005 -0.219879599123888 -0.00327415092053015 -0.0880325889674822 -0.204428543803361 0.00288928379578626 -0.253161305269075 -0.213546446605411 -0.504811262191272 -0.303598035699114 0.0892946782116854 0.0466289777562084 -0.55078733999091 -0.165121845741902 0.444763182682259 0.381070151730924 -0.116819532429058 -0.52827547774259
-0.0429308606125133 0.000744768511850984 0.0552287615015556 0.294091300383398 0.463192378550208 0.363500194657649 -0.0691738423053914 -0.0616340902096802 0.267463052874281 0.00288653437178774 -0.0117327735663873 -0.689316537362577 0.185735018126177 0.0865795069476742 0.258376155121803 0.483141566632839 0.489261504400134 0.418811186036997
-0.0320998894575709 0.0355262416643378 0.101271014352109 -0.0185485308109181 0.163781147717233 0.0985766421903195 0.00557880092105055 -0.134763211253025 0.0339320511470359 -0.180781672344044 0.249364182914675 0.0196677856976758 0.121300478058183 0.0351513986789237 -0.0046774128143288 0.0992843568843136 0.450023559866941 -0.726705334255137
0.0818483362003452 -0.379262506788974 0.00449795564231422 0.242283697709121 0.1129061225416 -0.0300387805135906 -0.0209326791582053 -0.0471811217446653 0.209737040679226 -0.0311501746360589 0.19028298509503 0.00577759867635497 0.261074326033398 0.164885311735108 0.219490243793099 0.551499506214735 -0.236369521262387 -0.384096665240198
-0.44999038039429 -0.77811197821876 -0.362816133649826 -0.0316073267797882 0.0718155529776526 0.0585527455188517 0.172367019887006 -0.0703057159494047 0.389720899173332 0.209734010092482 0.18817010978604 -0.164002763534802 -0.276642948331134 0.0992769641616705 0.235707069834174 0.267150251656423 -0.477807617582677 -14.2747299501817
-0.658717514217005 -0.253124301712763 -0.254266322261602 0.220291822658587 0.200675813067515 0.163110533190926 -0.106662982614618 -0.838359364940887 0.279264408255203 0.0174358197014196 -0.152046050749048 -0.0666934729200058 -0.205384618013745 0.0801114721083625 -0.714192571184491 -1.40627875899593 -8.08379578621917 -0.807774390935361
-1.52954009776947 -1.18980048169694 -0.675657326018265 -0.485399009305266 0.304440592112425 -0.111710855676102 -0.340794929274198 -0.876962196213195 0.139607553148448 -0.200518600122259 -0.0657881125236828 -0.26689485164422 -0.0340492045344082 -0.0302839712334096 -0.99010560398472 -0.749276118539712 -0.0337821717764553 0.207181682237513
-0.634164472504916 -1.52213362388138 -0.0450135625801613 0.0594435700709282 -0.0335627703949683 -0.0494030991579383 -0.187895352883825 -0.153512108516741 -0.0760976879726363 -0.094130064103418 0.0504208686480713 -0.0794647573404765 -0.033500735731061 0.111079012895018 -0.0347013012326432 -0.0641668306832514 -3.4439984393695 -0.430774719156418
0.059924361234462 -0.238797687571311 0.192721572329132 0.225008347125525 0.101146056001894 -0.436046848781383 0.233250620917073 0.119266601858695 0.268076578400932 0.036363496131917 0.113246205418052 0.263138473355473 0.0206589511008616 0.1391422185564 -0.0116945018562035 -0.0609906086679285 -0.690472138309415 -0.0763111662110857
-0.338533344278269 -0.530792645068855 0.0111005715215371 0.0975541244274516 0.0326741817076607 0.176903963904133 -0.557167393206389 -0.688177829075325 0.22782880993888 0.158026735108534 -0.0569880198050692 -0.125572345724491 -0.0893233306534862 -0.225205088392317 0.308639226842731 0.0126664770450937 -2.18736116227998 -0.127618674454405
-0.0727853324184586 -0.104128028382149 0.00502484622248261 0.0355333996246906 0.0349987379471359 0.236590635983605 -0.153488220772826 -0.179185356692673 0.158342222756628 -1.51915760835525 -0.144081375944695 -0.155604370022015 -0.594946729908388 -0.0127648847775175 -2.84554785348721 -1.05976517588047 -1.31953733941294 -14.2882333186988
-0.196887591147688 -0.571476975717881 0.0805053267961873 -0.0908351200543066 -0.130785576732799 -0.233645124078902 -0.11077665671758 -0.0600066807408035 -0.132055603712058 -0.0351050372139182 0.0536139931256703 -1.10963246274562 0.130648456344331 0.0534350156847483 -0.294773278584819 -0.144027880981232 -1.17482171570978 -0.950369099969532
0.120976638335551 0.169827117223468 -0.295940705423667 -0.162262385350929 -0.1263984219214 0.10674721038935 -0.391889578202579 -0.5675660450296 0.145221231941032 -0.148713251409489 -0.214579404253245 -0.18170676456986 -0.66977663490128 -0.957098192711748 0.0841914469358089 -0.0347579769661163 -0.860561328311603 -7.98478632142928
-0.647387682781018 -0.254384743688395 -0.338593965976601 -0.154867690569603 -0.731297736176696 -3.75533583669904 -0.568115457026891 -1.12421608403275 0.16172355072675 0.00095333881767233 0.107565281870091 0.12558832141206 0.414642607163747 0.256247629684754 0.256249400218041 0.433245275991512 -0.761261198791647 -0.212454986177596
0.207170827375165 -0.690176001544386 -0.303261305644394 -0.507440900275467 0.00974608924200848 0.31471949223205 -1.47765379112528 -2.54480917190796 0.118256622700476 -0.0535374388331481 -3.11601909163637 -0.896434157204011 -1.78763667163744 -1.82338594360021 0.0966854386656014 0.356195356342095 0.436241186025211 0.0182784836130022
-0.334781752176836 -0.274937107673885 -0.377977126801036 0.127373967324404 0.102537544110901 0.156655265157632 0.194402327172517 0.110739282886896 -0.202742884964633 -0.357642915307593 -0.313032710492213 -0.490035850043926 0.0521895730794831 0.0721488379394767 0.164314212389187 0.263014185268993 0.0731725638654723 -4.16328695435128
0.123046269118926 0.109765182253455 0.179926231040706 0.370352092028609 0.308149812178164 0.458071067625706 0.0888976306375789 0.237538050916696 0.112313694993024 -0.0851089217276983 0.0462134256918537 0.0920994391378803 0.0481570247748697 0.148899192798828 0.151680690665752 0.112416751427649 -0.222009182056679 -0.163054949960154
0.221607868008183 -0.141741906386645 0.18148235731178 0.192272615344729 0.224190599758461 0.150495644482365 0.27193486571142 0.057659756906102 0.209382128093501 0.0509094275131579 0.15307198247985 0.279433758731502 -0.0870550059265534 0.135086234976857 -0.45117456369636 0.135275358911986 -0.386590515868162 -3.62801213121198
0.0401374523604568 0.212140767475095 4.52943760783362e-05 -0.0288489622232233 0.0851385643872636 -0.690025822010395 -0.0774207624622584 -0.63618909933295 -0.187486820299807 -0.55735968793427 -0.0576613870694296 -1.16510917906775 -0.193190857820539 -0.51655933950599 0.079205480816071 0.391653651304047 -0.817082434122887 0.216487990956824
0.00332209599945348 -0.650211284118375 0.242090813642199 0.0671739345290208 0.079331307422906 0.271494112823058 0.0122921566079086 0.0100661105026219 -0.0150791705314654 0.0444807109617482 -0.59503261958566 -0.655725700494096 -0.48769748227467 -0.304618329611275 -0.07719464091345 -0.0564996671542759 -0.282531585501124 -1.91299069328786
-1.37988384659099 -0.402893562016722 -0.0956939599587709 0.0558984280550793 0.113285415004396 -0.0577966929323398 -0.164768846458141 -0.0716781303579104 -0.108435267115329 -0.490496312223199 0.0412834718796535 -0.105376468515131 -0.267416951347512 -0.163481659272391 -1.72713767258678 -1.61769258862014 -0.729368891874471 -0.0030635788392961
-0.569238402241147 -0.707446850592551 -0.0261630157301841 -0.0565484656736509 -0.0907135646467826 -0.22213995100679 -0.105347114262976 -0.286579419423167 0.20208836387142 -0.194746480983239 0.163532518222791 0.212450190859502 0.0526171722278243 0.118290564293916 0.0273391278379061 0.0763467695923196 -0.833785040674836 -0.618913086496428
-0.409313521330827 -0.0474964260838286 0.149028933898735 0.0979150598111691 0.320643852947945 0.0382377024249965 -0.224660297415844 0.0572175167498576 0.247978439284216 -0.332251646018842 0.261941888336696 0.276427921481414 -0.00901774132334775 0.147625736806039 0.163191088387078 0.240922542120301 -0.205018062860317 -1.2212170874306
-1.01659331359317 -0.32363880772241 -0.0590409406514966 0.190866476726837 0.185188359435169 0.208796896981647 0.210552603952164 0.0741524517789989 0.36362751778723 0.082647297717561 0.353133117989474 0.348373582461885 0.109651433095673 -0.0645181385495993 -2.48871685472716 -0.382603423225309 -2.8906280885504 -4.15152641386635
0.0434089352128877 0.0215303094318456 0.0818389492103112 0.161921237974653 0.168435783977117 0.263056706598473 0.126933490645481 0.124229284212547 -0.264689196542607 0.116425026795402 -0.259967271425997 -0.262404818713484 0.0034674858857272 -0.021076326610261 0.0753851018774346 0.106620048797874 -0.131532186154935 -5.16670589574838
-0.246691944622753 -0.313907696504789 0.0467022072312837 0.204857437859845 0.307524542472817 0.101018368795428 0.333443544704643 -0.149896370547869 0.367909983983777 0.223141204263965 0.198577059539572 0.21161712733572 0.108937504318567 0.282677959535055 0.0839062177356387 0.255148132363058 0.257854743340434 -0.472322619771682
-0.0102792489756318 0.0414827622610757 0.165057982848126 0.0949317404825082 0.263207659238481 0.221412545524619 0.0522737713794943 -0.0416334787347169 0.0653636395863016 -0.0974978959374627 -0.0552865872179362 -0.00626863905815637 -0.103128001648369 0.00986076928511486 0.301267085899163 0.294744310358291 0.419052646596321 0.183274488764145
-0.535126923243035 -0.283667668950334 -0.681693258693919 -0.00646677050643677 -0.196725081551291 -0.329854987184928 -0.732163443315621 -0.802197557445814 0.167826486916874 0.098740296373193 0.135191683241945 -0.0483532267698057 0.0145512958961201 0.134031534936574 -0.0617691022503227 0.356285385047214 0.473065739073067 0.288916693787534
0.209226133576066 -0.197074926516842 0.142780895904109 0.207612239325611 0.0926902171971095 -0.269047062778538 0.133570309333739 0.0233352543000959 0.0228309593650129 -0.124533134374145 -0.158650709127875 0.0229587649937523 -0.32595867550421 -0.0570208828880557 0.168110745889912 0.184697749700654 -0.346018103780361 -7.50929584021162
0.126172495595974 -0.0457226192897316 0.40521298191577 0.107661296654102 0.155809360328371 0.0199572535953514 0.138326344651927 -0.197677862462035 0.188247935771538 -0.00299601122906369 0.392700430892703 0.279317146429795 0.120101315445652 0.0931683755284591 0.196389875994435 0.518215521382488 0.465796980097455 0.191987353662157
0.204842987224107 0.17578594761686 -0.188407608685454 -0.318162108725749 0.0256067649890984 0.0393003750810885 -0.139313454374755 -0.238694656843946 0.278208282299587 0.129476762520381 0.0357602876343671 -0.033305083708391 -0.0690852591953847 0.127681778968179 0.123026781708359 0.0776309460727567 0.301566125814019 -0.791878310873471
-1.03489828729672 -1.27495943537936 -0.240687846813482 -0.124131853814966 0.129150375918933 -0.750358045590111 0.274696914620688 0.128776967600657 0.212146683428279 0.0452598061332822 0.0758432049946689 0.173705082117998 -0.173518198630376 0.118259543834278 -0.168104240863362 0.0815720097667749 -1.09098421030998 -0.191401305100316
-0.205022716079083 -0.0569997921526446 -0.0533356521671377 0.123025941924046 0.060101872054786 -0.169819687490578 -0.0215778631187902 0.0787912251085229 0.124899892544813 -0.104921938215087 0.138170213416889 0.232330047858576 -0.0466818859226164 0.261343674820157 -0.284510913838104 0.30526474875833 0.276180771732191 0.526989826889967
-0.995417720458403 -0.843353228587636 -0.101910545532938 0.060055603123455 -0.201932872828327 0.198612422514191 -0.549791418180028 -0.113141373340777 0.31186717813238 -0.179821097138929 -0.0263883309926163 0.11697016168441 0.231579491003276 0.144289536233935 0.27750068778748 0.292600110337596 -0.180243773840595 0.523129907451107
0.291889766865896 0.0799843685726399 0.257522165100973 0.158013702075007 0.148237527902378 0.0118568751580224 0.09214558818464 -0.321227662936639 0.109579318352926 0.073856045275638 -0.273194788034286 -0.0932215976023986 -0.543294406429102 -0.0509651715666052 -1.47359585365402 -0.999438085624273 -2.39618552452024 0.273761194612737
0.505960926346003 0.263974882994487 0.425809528111665 0.342156815733568 0.344609939377626 0.380268407080179 0.121239376864356 -0.145895467989985 -0.162780179931492 0.0451772897225421 0.145303581703297 -0.204814476347111 -0.0670786991177538 0.0844665256415237 0.233927265848124 -0.00266552651324584 -0.0386296013182807 0.468272049733834
-0.705049138603602 -0.57130745808375 -0.0778476301241083 0.244612368125996 -0.0282416432086244 0.0789836666168056 -0.224512353478828 -0.147214541465023 -0.889103538767962 -0.236696834323678 -3.28096469030858 -0.667134388980782 -0.474857462750725 0.0767707610622854 -0.299808980995993 0.343592018177995 -0.204385920788886 -6.30577632628365
0.0920005709002438 0.188498530219122 0.054818039456872 -0.144341754645345 -0.176944733716239 -0.0216475653504695 -0.300761260732668 -0.835679058917993 -0.0411823163591659 -0.422405911264201 -0.151643158779355 0.0154741093110448 -0.611852763515623 -0.532185204256797 -0.122273864237795 -0.209214686511759 -1.94748076915689 -11.1349358057454
-0.228170107874052 -0.0793251405023748 -0.0378508218038967 -0.184594009245758 0.1088950362814 -0.0855616613988953 0.070901903270134 -0.109161266562343 0.184912683338819 -0.0941696169380967 0.19029317750632 0.139455882264692 -0.122901476072868 -0.53397932496849 0.11443017434846 0.0354945865497003 -3.18178668857989 -0.0679527358962715
0.471845875764077 0.273312047491444 0.0749740266321881 -0.0643445989329677 0.00445997830985168 -0.131332761079129 -0.580498525128374 -0.35646830282853 -0.124702980475321 -0.00888163541754795 -0.273430767571588 -0.165253214955952 -0.346737119055354 -0.0553041385514773 0.143457824027653 0.324895031819048 0.196134954825241 -0.0288166439204079
-0.638947577316852 -0.0389936432651482 0.0434826519910897 0.313998559447052 0.31416412798317 0.213621346115189 -0.215920069702166 -0.274306914156168 0.296920567414068 0.246572390260835 0.0890581773709907 -0.22989225868799 -0.46604348879948 -0.25235657959768 0.156497809820591 -0.179065284210903 -1.47021089694002 -1.43318355014406
0.138482540767606 0.182768790603593 0.292534733765532 0.316618208426019 0.279534092318496 0.259720900664553 -0.0212008749313043 -0.157157217403323 -0.117441992487479 -0.0289925640797398 0.18655211700171 0.0706815510549955 0.0138623504573078 0.0170492362881504 0.337007399754102 0.331421098361729 0.197432045062 0.501637541217513
0.0755409052823641 -0.0648108814762535 0.0645697521186714 0.056710346246831 0.160614497322411 -0.427003085436145 0.144664551636899 0.196770797344513 -1.06962562158589 -0.402696735227733 -12.2099910822875 -8.65171750680434 -2.14482666765846 -0.904050709276675 -0.0102354161216907 0.27391493414553 0.402832212580758 -1.09876135729822
-0.113180533083743 -0.133850664388025 -0.0265543350122798 0.122223267243579 -0.0854492675068067 0.14802218310611 0.0694909756027978 -0.804301339929451 0.0255845064464063 0.0721347559008014 -0.0146773722994364 -0.580217777584588 0.306068772541199 0.126114148936527 -1.23150465382841 -0.585765371101464 -0.463197286349327 -1.64272171014493
